-13.933063038
-13.9346708261
-13.9358781856
-13.9358399538
-13.934262988
-13.9309706491
-13.925831849
-13.9187363156
-13.9095834281
-13.8982763259
-13.8847184028
-13.868810954
-13.8504513906
-13.829531692
-13.8059369345
-13.7795438069
-13.7502191029
-13.7178182409
-13.6821838245
-13.6431444735
-13.6005138217
-13.5540900474
-13.5036556403
-13.4489778514
-13.3898096028
-13.3258909298
-13.2569510097
-13.1827107982
-13.1028863006
-13.0171925152
-12.9253481506
-12.8270812541
-12.722135966
-12.6102807345
-12.4913183204
-12.3650977242
-12.2315287383
-12.0906020518
-11.942410085
-11.787165621
-11.6252284065
-11.4571337606
-11.2835922998
-11.1055119046
-10.9240050154
-10.7403490145
-10.5560040641
-10.3725424158
-10.1916294645
-10.0149474153
-9.84415893708
-9.6807925705
-9.52624651516
-9.38161617554
-9.24778041127
-9.12517923864
-9.0140080312
-8.91396107421
-8.82452323983
-8.7447229509
-8.67343137904
-8.60922586002
-8.55056025558
-8.49583894334
-8.44342712731
-8.39180812449
-8.3397041958
-8.28593037979
-8.22976132753
-8.17067443368
-8.10837086883
-8.04294067381
-7.97452863227
-7.903457812
-7.83016451993
-7.75508651296
-7.67865990934
-7.60132030086
-7.52346900705
-7.44541558987
-7.36745420366
-7.28983822756
-7.21273218291
-7.1362888157
-7.06063695236
-6.98584724866
-6.91198168688
-6.83909462852
-6.76721127264
-6.69634984366
-6.62652744225
-6.55775105241
-6.4900223032
-6.42334273552
-6.35771164387
-6.29312490536
-6.22957811057
-6.16706656365
-6.10558352705
-6.04512137674
-5.98567248361
-5.92722852273
-5.86977936936
-5.81331461166
-5.75782381869
-5.7032955055
-5.64971660292
-5.59707391111
-5.54535420305
-5.4945431762
-5.44462511999
-5.39558422862
-5.34740468266
-5.30006959598
-5.25356026878
-5.20785782491
-5.16294338821
-5.11879810661
-5.07540321239
-5.03273995625
-4.99078958888
-4.94953348086
-4.9089546096
-4.8690371004
-4.82976510341
-4.79112276879
-4.75309464636
-4.71566668801
-4.67882515293
-4.6425563003
-4.60684639672
-4.57168235913
-4.53705225342
-4.50294426283
-4.4693465706
-4.43624737107
-4.40363547637
-4.3715006283
-4.33983264549
-4.30862134657
-4.27785655254
-4.24752849942
-4.21762830903
-4.18814721708
-4.15907645925
-4.13040727125
-4.10213103305
-4.07423992427
-4.04672639999
-4.01958291554
-3.99280192624
-3.96637589598
-3.94029770032
-3.91456080074
-3.88915870348
-3.86408491478
-3.83933294086
-3.8148963254
-3.79076911359
-3.76694570896
-3.74342052275
-3.72018796622
-3.69724245062
-3.67457842674
-3.65219079497
-3.63007474111
-3.60822545549
-3.58663812846
-3.56530795034
-3.54423012467
-3.52340017224
-3.50281393924
-3.48246728665
-3.46235607547
-3.44247616667
-3.42282342129
-3.40339381889
-3.38418372099
-3.3651895659
-3.34640779193
-3.3278348374
-3.30946714061
-3.29130114559
-3.2733335057
-3.25556113909
-3.2379809809
-3.22058996629
-3.20338503039
-3.18636310835
-3.16952114392
-3.15285628413
-3.13636588248
-3.12004730171
-3.10389790454
-3.0879150537
-3.07209611193
-3.05643844385
-3.04093954579
-3.02559712861
-3.01040892293
-2.99537265939
-2.98048606858
-2.96574688115
-2.95115282769
-2.93670167259
-2.92239138558
-2.90822001362
-2.89418560381
-2.88028620328
-2.86651985911
-2.85288461842
-2.8393785284
-2.82599970046
-2.81274642341
-2.79961701647
-2.78660979882
-2.77372308967
-2.76095520822
-2.74830447368
-2.73576920527
-2.72334777313
-2.71103870149
-2.69884054364
-2.68675185287
-2.67477118248
-2.66289708575
-2.65112811599
-2.63946282647
-2.62789978494
-2.61643768231
-2.60507527182
-2.59381130719
-2.58264454216
-2.57157373046
-2.5605976258
-2.54971498191
-2.53892455256
-2.52822513026
-2.51761562225
-2.50709495688
-2.49666206248
-2.48631586742
-2.47605530003
-2.46587928866
-2.45578676166
-2.44577664742
-2.43584790699
-2.42599959383
-2.41623077762
-2.40654052803
-2.39692791474
-2.38739200744
-2.37793187579
-2.36854658947
-2.35923521816
-2.34999684405
-2.34083064468
-2.33173584153
-2.32271165631
-2.31375731072
-2.30487202647
-2.29605502527
-2.28730552881
-2.2786227588
-2.27000593696
-2.26145429016
-2.25296706021
-2.24454349164
-2.23618282897
-2.22788431672
-2.21964719941
-2.21147072155
-2.20335412767
-2.19529666228
-2.18729756992
-2.17935617415
-2.17147206442
-2.16364488606
-2.15587428437
-2.14815990469
-2.14050139234
-2.13289839264
-2.1253505509
-2.11785751245
-2.11041892261
-2.10303438612
-2.0957029558
-2.08842328611
-2.08119402266
-2.0740138111
-2.06688129706
-2.05979512618
-2.05275394408
-2.04575639639
-2.03880112876
-2.03188678681
-2.02501234004
-2.01817920057
-2.01138989483
-2.0046469549
-1.9979529129
-1.99131030092
-1.98472165107
-1.97818949544
-1.97171636613
-1.96530479526
-1.95895731492
-1.95267624859
-1.94646009185
-1.94030398459
-1.93420295301
-1.92815202333
-1.92214622175
-1.91618057448
-1.91025010773
-1.90434984771
-1.89847482064
-1.89262005271
-1.88678057014
-1.88095224972
-1.87513587525
-1.86933398643
-1.86354912517
-1.85778383338
-1.85204065298
-1.84632212588
-1.840630794
-1.83496919925
-1.82933988355
-1.82374538882
-1.81818825695
-1.81267076719
-1.8071930086
-1.80175398203
-1.7963526805
-1.79098809699
-1.78565922449
-1.78036505601
-1.77510458454
-1.76987680308
-1.76468070461
-1.75951528213
-1.75437952865
-1.74927243815
-1.74419326424
-1.73914186374
-1.73411817898
-1.72912215229
-1.724153726
-1.71921284243
-1.71429944393
-1.70941347281
-1.70455487141
-1.69972358205
-1.69491954707
-1.69014270878
-1.68539300946
-1.68067034438
-1.67597448053
-1.67130516324
-1.6666621378
-1.66204514951
-1.65745394369
-1.65288826562
-1.64834786063
-1.64383247401
-1.63934185107
-1.63487573712
-1.63043387745
-1.62601601737
-1.62162190497
-1.6172513341
-1.61290413626
-1.60858014407
-1.60427919012
-1.60000110703
-1.59574572741
-1.59151288386
-1.58730240898
-1.5831141354
-1.57894789571
-1.57480352252
-1.57068084845
-1.56657970609
-1.56249992828
-1.5584413527
-1.55440382186
-1.55038717845
-1.54639126518
-1.54241592475
-1.53846099985
-1.53452633318
-1.53061176746
-1.52671714537
-1.52284230962
-1.51898710291
-1.51515136794
-1.5113349474
-1.50753768401
-1.5037594235
-1.50000002819
-1.49625936595
-1.49253730464
-1.48883371215
-1.48514845636
-1.48148140514
-1.47783242637
-1.47420138792
-1.47058815767
-1.46699260351
-1.4634145933
-1.45985399493
-1.45631067626
-1.45278450519
-1.44927535074
-1.44578309261
-1.4423076161
-1.4388488066
-1.4354065495
-1.43198073018
-1.42857123401
-1.42517794638
-1.42180075268
-1.41843953828
-1.41509418856
-1.4117645889
-1.4084506247
-1.40515218133
-1.40186914416
-1.39860139859
-1.39534883266
-1.39211134519
-1.38888883768
-1.38568121165
-1.38248836861
-1.37931021008
-1.37614663756
-1.37299755257
-1.36986285663
-1.36674245124
-1.36363623792
-1.36054411818
-1.35746599353
-1.3544017655
-1.35135133558
-1.3483146053
-1.34529147681
-1.34228186005
-1.33928567006
-1.33630282197
-1.33333323093
-1.33037681207
-1.32743348052
-1.32450315142
-1.32158573992
-1.31868116113
-1.3157893302
-1.31291016227
-1.31004357248
-1.30718947595
-1.30434778782
-1.30151842324
-1.29870129733
-1.2958963259
-1.29310343171
-1.29032254163
-1.2875535826
-1.28479648155
-1.28205116542
-1.27931756115
-1.27659559567
-1.27388519591
-1.27118628882
-1.26849880132
-1.26582266035
-1.26315779285
-1.26050412575
-1.25786158599
-1.2552301005
-1.25260959622
-1.25000000009
-1.24740124122
-1.24481325542
-1.24223597977
-1.23966935135
-1.23711330724
-1.23456778452
-1.23203272026
-1.22950805154
-1.22699371545
-1.22448964905
-1.22199578944
-1.21951207368
-1.21703843887
-1.21457482206
-1.21212116035
-1.20967739082
-1.20724345053
-1.20481927658
-1.20240480681
-1.19999998464
-1.19760475587
-1.19521906633
-1.19284286182
-1.19047608817
-1.18811869119
-1.18577061671
-1.18343181053
-1.18110221848
-1.17878178638
-1.17647046004
-1.17416818527
-1.17187490791
-1.16959057376
-1.16731512865
-1.16504851839
-1.16279068879
-1.16054158568
-1.15830115562
-1.15606934999
-1.15384612213
-1.15163142538
-1.14942521309
-1.14722743859
-1.14503805523
-1.14285701636
-1.1406842753
-1.13851978541
-1.13636350003
-1.1342153725
-1.13207535616
-1.12994340435
-1.12781947041
-1.1257035077
-1.12359546954
-1.12149530928
-1.11940298027
-1.11731843584
-1.11524163094
-1.11317252471
-1.11111107696
-1.10905724753
-1.10701099622
-1.10497228286
-1.10294106728
-1.1009173093
-1.09890096873
-1.09689200541
-1.09489037914
-1.09289604975
-1.09090897707
-1.08892912092
-1.08695644111
-1.08499089747
-1.08303244983
-1.08108105799
-1.07913668179
-1.07719928105
-1.07526881589
-1.07334524974
-1.07142854796
-1.06951867596
-1.06761559914
-1.0657192829
-1.06382969264
-1.06194679377
-1.06007055168
-1.05820093178
-1.05633789946
-1.05448142014
-1.05263145921
-1.05078798206
-1.04895095411
-1.04712034076
-1.0452961074
-1.04347821944
-1.04166664228
-1.03986134132
-1.03806228196
-1.03626942969
-1.03448275219
-1.03270221956
-1.030927802
-1.02915946972
-1.02739719292
-1.02564094181
-1.0238906866
-1.02214639749
-1.02040804469
-1.0186755984
-1.01694902884
-1.0152283062
-1.01351340069
-1.01180428253
-1.01010092191
-1.00840328904
-1.00671135414
-1.00502508739
-1.00334445902
-1.00166943923
-0.999999998219
-0.998336106256
-0.996677735414
-0.995024859912
-0.993377454094
-0.991735492305
-0.990098948887
-0.988467798185
-0.986842014543
-0.985221572304
-0.983606445812
-0.981996609412
-0.980392037446
-0.97879270426
-0.977198584196
-0.975609651599
-0.974025880812
-0.972447246179
-0.970873722045
-0.969305282753
-0.967741902647
-0.96618355607
-0.964630217367
-0.963081860882
-0.961538461063
-0.959999994201
-0.958466438153
-0.956937770826
-0.955413970127
-0.953895013962
-0.952380880238
-0.950871546863
-0.949366991742
-0.947867192784
-0.946372127894
-0.944881774979
-0.943396111947
-0.941915116704
-0.940438767158
-0.938967041214
-0.93749991678
-0.936037371762
-0.934579384068
-0.933125931604
-0.931676992277
-0.930232543994
-0.928792564662
-0.927357032188
-0.925925924757
-0.924499222509
-0.923076906416
-0.921658957452
-0.920245356593
-0.918836084814
-0.91743112309
-0.916030452395
-0.914634053705
-0.913241907995
-0.911853996239
-0.910470299414
-0.909090798493
-0.907715474452
-0.906344308265
-0.904977280909
-0.903614373358
-0.902255566586
-0.900900841569
-0.899550179283
-0.898203560701
-0.896860966799
-0.895522378553
-0.894187776936
-0.892857142926
-0.891530458196
-0.890207706108
-0.888888870281
-0.887573934332
-0.886262881877
-0.884955696534
-0.883652361919
-0.882352861651
-0.881057179345
-0.879765298619
-0.878477203091
-0.877192876377
-0.875912302095
-0.874635463861
-0.873362345292
-0.872092930006
-0.87082720162
-0.869565143751
-0.868306740016
-0.867051974032
-0.865800829417
-0.864553289787
-0.863309338759
-0.86206895995
-0.860832136979
-0.859598853535
-0.858369094513
-0.857142845777
-0.855920093219
-0.854700822732
-0.853485020207
-0.852272671538
-0.851063762615
-0.849858279332
-0.848656207581
-0.847457533254
-0.846262242243
-0.845070320441
-0.84388175374
-0.842696528032
-0.841514629209
-0.840336043164
-0.839160755789
-0.837988752976
-0.836820020617
-0.835654544606
-0.834492310833
-0.833333305191
-0.832177513573
-0.831024921871
-0.829875515977
-0.828729281784
-0.827586205529
-0.826446274756
-0.825309477316
-0.824175801062
-0.823045233845
-0.821917763515
-0.820793377925
-0.819672064926
-0.81855381237
-0.817438608107
-0.81632643999
-0.81521729587
-0.814111163598
-0.813008031026
-0.811907886005
-0.810810716387
-0.809716510024
-0.808625254766
-0.807536938465
-0.806451548974
-0.805369074142
-0.804289501822
-0.803212819865
-0.802139016122
-0.801068078446
-0.799999994687
-0.798934752698
-0.797872340353
-0.796812746281
-0.795755959972
-0.794701970963
-0.793650768795
-0.792602343005
-0.791556683132
-0.790513778715
-0.789473619292
-0.788436194402
-0.787401493583
-0.786369506375
-0.785340222315
-0.784313630942
-0.783289721795
-0.782268484413
-0.781249908333
-0.780233983095
-0.779220698238
-0.778210043299
-0.777202007817
-0.776196581332
-0.775193753381
-0.774193513503
-0.773195851237
-0.772200756121
-0.771208217694
-0.770218225495
-0.769230769062
-0.768245838068
-0.767263423113
-0.766283515187
-0.765306105282
-0.764331184388
-0.763358743497
-0.762388773602
-0.761421265692
-0.760456210759
-0.759493599796
-0.758533423793
-0.757575673742
-0.756620340634
-0.75566741546
-0.754716889213
-0.753768752883
-0.752822997461
-0.75187961394
-0.750938593311
