9.42400924282
9.42039168594
9.40949758898
9.39124102967
9.36551436532
9.33219480179
9.29114884659
9.24223617373
9.18531336181
9.12023768586
9.04687104455
8.96508407881
8.87476045293
8.77580133983
8.66813002536
8.55169662984
8.42648291794
8.29250699307
8.14982815258
7.99855120593
7.83883100842
7.67087600749
7.49495209763
7.3113852082
7.12056338987
6.92293819135
6.71902504248
6.50940250381
6.29471044003
6.07564689592
5.85296382252
5.62746142238
5.399981292
5.17139818022
4.94261057388
4.71453043985
4.48807244393
4.26414160878
4.04362065792
3.82735933982
3.61616169774
3.41077144792
3.21186736478
3.0200504279
2.83583068961
2.65963607542
2.49178901853
2.33251896985
2.18195990084
2.04014143098
1.90701735935
1.78243917881
1.66620138848
1.5580136215
1.45754663092
1.36441151365
1.27819823148
1.19846533535
1.1247647626
1.05664570574
0.993659876791
0.935380385018
0.881391033164
0.831307044917
0.784769407171
0.741442025977
0.701033222789
0.663262920994
0.627896124046
0.594717705739
0.5635331963
0.534184013711
0.506517465745
0.480406848478
0.455741964744
0.432417301449
0.410347529808
0.389453086958
0.369659092779
0.350903203205
0.333125168717
0.316268312846
0.300283745558
0.285123609228
0.270742323077
0.257099843459
0.244156952341
0.231875593658
0.220222157873
0.209164098902
0.198669242376
0.188708760358
0.179255596226
0.17028274015
0.161764931591
0.153679571108
0.146004282389
0.138717041487
0.131798336159
0.125229744712
0.118992851694
0.113070079504
0.107446017781
0.102105601936
0.097033786675
0.0922165938722
0.0876416494006
0.0832967114164
0.0791695627014
0.0752489602804
0.0715249366294
0.0679876104655
0.0646271092144
0.061434240306
0.0584009673532
0.0555193664072
0.0527815135433
0.0501797926279
0.0477076648058
0.0453588267738
0.0431269752288
0.04100586165
0.0389899719023
0.0370743164943
0.0352539172756
0.0335237961106
0.0318791782322
0.0303160023319
0.0288303634702
0.0274183567079
0.0260760804917
0.0247999307829
0.0235868291241
0.0224337507405
0.0213376708571
0.020295569343
0.0193046837655
0.0183626395375
0.0174670941163
0.0166157049592
0.0158061304648
0.0150361934602
0.0143040677332
0.0136079721883
0.01294612573
0.0123167472628
0.0117181066046
0.0111487557469
0.0106073438845
0.0100925203026
0.00960293428633
0.00913723787867
0.00869421595812
0.00827284245346
0.00787210573488
0.00749099417255
0.00712849613662
0.0067836107775
0.00645548174642
0.0061433559192
0.00584648240264
0.00556411030354
0.00529548872871
0.00503987690245
0.00479664910742
0.00456525266103
0.00434513604528
0.00413574774217
0.0039365362337
0.0037469529629
0.00356652067159
0.00339483522209
0.00323149580214
0.00307610159948
0.00292825180186
0.00278754560416
0.00265360534956
0.00252612797066
0.00240482539484
0.00228940954943
0.00217959236181
0.00207508575931
0.00197560262776
0.00188089097455
0.00179074323159
0.00170495468204
0.00162332060909
0.00154563629592
0.0014716970257
0.00140129930735
0.00133426864135
0.00127045997077
0.00120972955467
0.00115193365211
0.00109692852215
0.00104457042385
0.000994715844809
0.000947237030687
0.000902031907367
0.000859000763288
0.000818043886887
0.000779061566603
0.000741954090873
0.000706621748137
0.000672968177557
0.000640917404808
0.000610401123046
0.000581351039274
0.000553698860494
0.000527376293709
0.000502315045921
0.000478446831333
0.00045570858811
0.000434051688062
0.000413429974862
0.000393797292185
0.000375107483704
0.000357314393094
0.000340371864029
0.000324233742281
0.00030885721811
0.000294209608744
0.000280260140851
0.000266978041098
0.000254332536152
0.000242292852682
0.000230828217354
0.000219907856836
0.000209501757789
0.000199586385224
0.000190141482858
0.000181146819852
0.000172582165367
0.000164427288564
0.000156661958604
0.000149265944648
0.000142219017094
0.000135502528449
0.00012910251261
0.000123005865224
0.000117199481939
0.000111670258402
0.000106405090261
0.000101390873164
9.66145027587e-05
9.20628759572e-05
8.77239864388e-05
8.35889294389e-05
7.96493446009e-05
7.58968715684e-05
7.23231499849e-05
6.89198194938e-05
6.56785197386e-05
6.2590890363e-05
5.96485710103e-05
5.68434572272e-05
5.41693957508e-05
5.16211318522e-05
4.91934155811e-05
4.68809969875e-05
4.46786261212e-05
4.25810530321e-05
4.05830277702e-05
3.86793003852e-05
3.6864621354e-05
3.51341950742e-05
3.34845417848e-05
3.1912418795e-05
3.04145834137e-05
2.89877929501e-05
2.76288047131e-05
2.63343760118e-05
2.51012641554e-05
2.39262264528e-05
2.28060202542e-05
2.17376538221e-05
2.07189796649e-05
1.97480276647e-05
1.88228277031e-05
1.7941409662e-05
1.71018034233e-05
1.63020388689e-05
1.55401458806e-05
1.48141543402e-05
1.41220941296e-05
1.34620273896e-05
1.28324551193e-05
1.223219505e-05
1.16600719296e-05
1.11149105058e-05
1.05955355264e-05
1.01007717393e-05
9.62944389214e-06
9.18037673284e-06
8.75239500918e-06
8.34432346896e-06
7.95502740105e-06
7.58367785973e-06
7.22958538487e-06
6.89206122829e-06
6.57041664186e-06
6.2639628774e-06
5.97201118677e-06
5.69387282181e-06
5.42885903435e-06
5.17628107625e-06
4.93545019934e-06
4.70568579519e-06
4.48645660773e-06
4.27736230993e-06
4.07800700976e-06
3.88799481519e-06
3.70692983421e-06
3.53441617478e-06
3.37005794487e-06
3.21345925247e-06
3.06422420554e-06
2.92195691207e-06
2.78626148002e-06
2.65676156221e-06
2.53319356588e-06
2.4153342455e-06
2.30296040662e-06
2.19584885475e-06
2.09377639542e-06
1.99651983416e-06
1.9038559765e-06
1.81556162796e-06
1.73141359408e-06
1.65118868037e-06
1.57466369236e-06
1.50162283234e-06
1.43191197284e-06
1.36540762737e-06
1.30198653123e-06
1.24152541976e-06
1.18390102828e-06
1.12899009211e-06
1.07666934658e-06
1.026815527e-06
9.79305368706e-07
9.34015607016e-07
8.90822977254e-07
8.49604274964e-07
8.10251772385e-07
7.72693708831e-07
7.36863420914e-07
7.02694245242e-07
6.70119518424e-07
6.39072577071e-07
6.09486757793e-07
5.81295397199e-07
5.54431831898e-07
5.28829398501e-07
5.04421433616e-07
4.81141273855e-07
4.58922267069e-07
4.37705248562e-07
4.17451499839e-07
3.9812576044e-07
3.79692769905e-07
3.62117267775e-07
3.4536399359e-07
3.2939768689e-07
3.14183087215e-07
2.99684934106e-07
2.85867967104e-07
2.72696925747e-07
2.60136549577e-07
2.48151578134e-07
2.36707291159e-07
2.25777899013e-07
2.15344947911e-07
2.05390201446e-07
1.95895423208e-07
1.86842376789e-07
1.78212825782e-07
1.69988533778e-07
1.62151264369e-07
1.54682781146e-07
1.47564847701e-07
1.40779227626e-07
1.34307684513e-07
1.28131981953e-07
1.2223407769e-07
1.16600285209e-07
1.11221213631e-07
1.06087654207e-07
1.01190398186e-07
9.65202368184e-08
9.20679613545e-08
8.78243630443e-08
8.37802331378e-08
7.9926362885e-08
7.62535435361e-08
7.27525663411e-08
6.94142225501e-08
6.62293034132e-08
6.31886001804e-08
6.02834706555e-08
5.75083416826e-08
5.485867449e-08
5.23299310962e-08
4.99175735196e-08
4.76170637786e-08
4.54238638917e-08
4.33334358774e-08
4.1341241754e-08
3.94427435401e-08
3.7633403254e-08
3.59086829143e-08
3.42640445394e-08
3.26949501477e-08
3.11968617576e-08
2.97653989263e-08
2.83976116037e-08
2.70913121208e-08
2.5844319924e-08
2.46544544599e-08
2.35195351749e-08
2.24373815153e-08
2.14058129277e-08
2.04226488584e-08
1.9485708754e-08
1.85928120609e-08
1.77417782255e-08
1.69304266942e-08
1.61565769136e-08
1.541804833e-08
1.47126603899e-08
1.40384247101e-08
1.33941266258e-08
1.27787461692e-08
1.21912633722e-08
1.1630658267e-08
1.10959108856e-08
1.05860012601e-08
1.00999094227e-08
9.6366154053e-09
9.19509924012e-09
8.7743409592e-09
8.37332059463e-09
7.99101817849e-09
7.62641374286e-09
7.27848731984e-09
6.94621894149e-09
6.62861511219e-09
6.32499903969e-09
6.0349025948e-09
5.75786132623e-09
5.4934107827e-09
5.24108651291e-09
5.0004240656e-09
4.77095898946e-09
4.55222683322e-09
4.34376314559e-09
4.14510347529e-09
3.95578337103e-09
3.77533838152e-09
3.60330405549e-09
3.43921594165e-09
3.28260958871e-09
3.13302054539e-09
2.98999900676e-09
2.85324771651e-09
2.72256002972e-09
2.5977304967e-09
2.47855366776e-09
2.3648240932e-09
2.25633632334e-09
2.15288490848e-09
2.05426439894e-09
1.96026934503e-09
1.87069429705e-09
1.78533380532e-09
1.70398242014e-09
1.62643469182e-09
1.55248517067e-09
1.48192840701e-09
1.41455895114e-09
1.35017136769e-09
1.28858546684e-09
1.22969826874e-09
1.17342150301e-09
1.11966689924e-09
1.06834618704e-09
1.01937109603e-09
9.7265335579e-10
9.28104695943e-10
8.85636846088e-10
8.45161535833e-10
8.06590494781e-10
7.6983545254e-10
7.34808138713e-10
7.01420282907e-10
6.69583614726e-10
6.39209863777e-10
6.10210759664e-10
5.82498031993e-10
5.55988011153e-10
5.30629723711e-10
5.06386354691e-10
4.83221145933e-10
4.61097339281e-10
4.39978176576e-10
4.19826899658e-10
4.00606750371e-10
3.82280970556e-10
3.64812802054e-10
3.48165486708e-10
3.32302266358e-10
3.17186382847e-10
3.02781078016e-10
2.89049593707e-10
2.75955171762e-10
2.63461054022e-10
2.51530482329e-10
2.40126698525e-10
2.29215096368e-10
2.18775158057e-10
2.08792033793e-10
1.99250889255e-10
1.90136890118e-10
1.81435202058e-10
1.73130990753e-10
1.65209421879e-10
1.57655661112e-10
1.50454874129e-10
1.43592226606e-10
1.3705288422e-10
1.30822012648e-10
1.24884777565e-10
1.19226344649e-10
1.13831879576e-10
1.08686548023e-10
1.03775515665e-10
9.90839481805e-11
9.45970155178e-11
9.03021130275e-11
8.61924980029e-11
8.2262381555e-11
7.85059747951e-11
7.49174888345e-11
7.14911347843e-11
6.82211237558e-11
6.51016668602e-11
6.21269752088e-11
5.92912599127e-11
5.65887320831e-11
5.40136028314e-11
5.15600832687e-11
4.92223845062e-11
4.69947176551e-11
4.48712938268e-11
4.28463241323e-11
4.0914019683e-11
3.90685915901e-11
3.73042509647e-11
3.56154103743e-11
3.39986014456e-11
3.24516240526e-11
3.09722951776e-11
2.95584318025e-11
2.82078509096e-11
2.6918369481e-11
2.56878044988e-11
2.4513972945e-11
2.33946918019e-11
2.23277780516e-11
2.13110486761e-11
2.03423206576e-11
1.94194109782e-11
1.85401366201e-11
1.77023145653e-11
1.6903761796e-11
1.61422952943e-11
1.54157320423e-11
1.47218890222e-11
1.4058583216e-11
1.34236554936e-11
1.28155850168e-11
1.22335429076e-11
1.16767349309e-11
1.11443668516e-11
1.06356444347e-11
1.0149773445e-11
9.6859596474e-12
9.24340880689e-12
8.82132668837e-12
8.41891905673e-12
8.03539167689e-12
7.66995031376e-12
7.32180073226e-12
6.9901486973e-12
6.67419997378e-12
6.37316032664e-12
6.08623552076e-12
5.81263132108e-12
5.5515534925e-12
5.30220779994e-12
5.0638000083e-12
4.83554296209e-12
4.61687526841e-12
4.4075030293e-12
4.20714784818e-12
4.01553132847e-12
3.83237507359e-12
3.65740068698e-12
3.49032977205e-12
3.33088393224e-12
3.17878477096e-12
3.03375389165e-12
2.89551289773e-12
2.76378339262e-12
2.63828697974e-12
2.51874526253e-12
2.40487984441e-12
2.2964123288e-12
2.19306431913e-12
2.09455741882e-12
2.00061323131e-12
1.91095336e-12
1.82529940834e-12
1.74337297974e-12
1.66490113175e-12
1.58970625904e-12
1.51769186962e-12
1.44876405756e-12
1.38282891692e-12
1.31979254177e-12
1.25956102618e-12
1.20204046422e-12
1.14713694995e-12
1.09475657744e-12
1.04480544076e-12
9.97189633983e-13
9.51815251171e-13
9.08588386392e-13
8.67415133716e-13
8.28201587209e-13
7.9085384094e-13
7.55277988977e-13
7.21380125388e-13
6.8906634424e-13
6.58242739601e-13
6.2881540554e-13
6.00690436125e-13
5.73773925423e-13
5.47977743495e-13
5.2325412595e-13
4.99572529846e-13
4.76902476471e-13
4.55213487116e-13
4.34475083066e-13
4.14656785613e-13
3.95728116043e-13
3.77658595645e-13
3.60417745709e-13
3.43975087522e-13
3.28300142373e-13
3.1336243155e-13
2.99131476343e-13
2.85576798039e-13
2.72667917927e-13
2.60374357296e-13
2.48665637434e-13
2.3751127963e-13
2.26880805173e-13
2.1674373535e-13
2.0706959145e-13
1.97827894762e-13
1.88988166575e-13
1.80519945214e-13
1.72398352495e-13
1.6461211245e-13
1.57151981153e-13
1.50008714681e-13
1.43173069106e-13
1.36635800505e-13
1.30387664951e-13
1.24419418521e-13
1.18721817288e-13
1.13285617328e-13
1.08101574715e-13
1.03160445524e-13
9.84529858302e-14
9.39699517081e-14
8.97020992326e-14
8.56401844786e-14
8.17749635208e-14
7.80971924341e-14
7.45976272933e-14
7.12670241732e-14
6.80961391487e-14
6.50757282946e-14
6.21965476856e-14
5.94493533967e-14
5.68249015026e-14
5.43141338995e-14
5.19109884735e-14
4.96118248985e-14
4.74130721966e-14
4.53111593904e-14
4.3302515502e-14
4.13835695539e-14
3.95507505682e-14
3.78004875674e-14
3.61292095738e-14
3.45333456096e-14
3.30093246972e-14
3.1553575859e-14
3.01625281171e-14
2.8832610494e-14
2.7560252012e-14
2.63418816934e-14
2.51739285605e-14
2.40528216356e-14
2.2974989941e-14
2.19368624991e-14
2.09348683322e-14
1.99654364626e-14
1.90249959126e-14
1.81099757045e-14
1.72168048607e-14
1.63419124085e-14
1.54824557552e-14
1.46383408964e-14
1.38101220509e-14
1.29983534375e-14
1.22035892749e-14
1.14263837819e-14
1.06672911774e-14
9.92686567999e-15
9.2056615086e-15
8.50423288199e-15
7.82313401892e-15
7.1629191382e-15
6.5241424586e-15
5.90735819892e-15
5.31312057793e-15
4.74198381442e-15
4.19450212719e-15
3.67122973501e-15
3.17272085666e-15
2.69952971095e-15
2.25221051664e-15
1.83131749253e-15
1.43740485741e-15
1.07102683005e-15
7.32737629249e-16
4.23091473786e-16
1.42642582448e-16
-1.08082596727e-16
-3.29393760691e-16
-5.22563809884e-16
-6.88918986709e-16
-8.29785533573e-16
-9.46489692881e-16
-1.04035770704e-15
-1.11271581845e-15
-1.16489026952e-15
-1.19820730266e-15
-1.21399316027e-15
-1.21357408476e-15
-1.19827631852e-15
-1.16942610398e-15
-1.12834968352e-15
-1.07637329957e-15
-1.01482319452e-15
-9.45025610778e-16
-8.68306790751e-16
-7.85992976844e-16
-6.99410411462e-16
-6.0988533701e-16
-5.18743995895e-16
-4.27312630522e-16
-3.36917483295e-16
-2.48884796621e-16
-1.64540812905e-16
-8.52117745517e-17
-1.22239239674e-17
5.32503785043e-17
1.11098921001e-16
1.61656063417e-16
2.0525772718e-16
2.42239833718e-16
2.7293830446e-16
2.97689060835e-16
3.1682802427e-16
3.30691116196e-16
3.39614258039e-16
3.43933371229e-16
3.43984377194e-16
3.40103197363e-16
3.32625753164e-16
3.21887966025e-16
3.08225757376e-16
2.91975048644e-16
2.73471761258e-16
2.53051816647e-16
