
-18.7456874311
-18.763451056
-18.7961908477
-18.8399174054
-18.8934102622
-18.9558299504
-19.0263869622
-19.1042477345
-19.1885039249
-19.2781633859
-19.3721492513
-19.4693015049
-19.5683785783
-19.6680575057
-19.766932276
-19.8635103866
-19.9562084306
-20.0433481074
-20.1231538357
-20.1937548553
-20.2531919654
-20.2994318742
-20.3303879719
-20.3439492599
-20.3380155407
-20.3105381166
-20.2595642483
-20.1832831669
-20.0800711944
-19.9485332722
-19.787538927
-19.5962507972
-19.3741447744
-19.1210230576
-18.837023162
-18.5226287423
-18.1786918507
-17.8064806014
-17.4077341005
-16.9847137109
-16.5402847568
-16.0779768137
-15.6019071515
-15.1167721571
-14.627677764
-14.1399226389
-13.6588023281
-13.1893024167
-12.7359772154
-12.3025874095
-11.892255822
-11.5070591767
-11.148473285
-10.8170451483
-10.5129446576
-10.2358294057
-9.98524296432
-9.76066350221
-9.56153234692
-9.38719348787
-9.23682706155
-9.10867937771
-9.00053665683
-8.90892170285
-8.82932737562
-8.75712597023
-8.68750842024
-8.61589923508
-8.53954768275
-8.45650955713
-8.36586342842
-8.26846607587
-8.16539312693
-8.05817718872
-7.94864112399
-7.83850272833
-7.72897887254
-7.6211431732
-7.51586115366
-7.41344123409
-7.31409904148
-7.21794656021
-7.12486991517
-7.03472546055
-6.94736067445
-6.86260144901
-6.78027045784
-6.70019885145
-6.62225021894
-6.54629590759
-6.47221024293
-6.39989436275
-6.32926359697
-6.26023358593
-6.19273030631
-6.12669545886
-6.06207206279
-5.99880453403
-5.93684724455
-5.87615888914
-5.81669818489
-5.75842605603
-5.70130913578
-5.64531496821
-5.59041113305
-5.53656718147
-5.48375562781
-5.43194923079
-5.38112078566
-5.33124453335
-5.2822966074
-5.23425326934
-5.18709079317
-5.14078642827
-5.09531908242
-5.05066782467
-5.00681172409
-4.9637303087
-4.92140471275
-4.87981642169
-4.83894692097
-4.79877778669
-4.75929180962
-4.72047264838
-4.68230398031
-4.6447694828
-4.60785322395
-4.57154064255
-4.53581747782
-4.50066946895
-4.46608236249
-4.43204254747
-4.39853754799
-4.36555500408
-4.33308255576
-4.30110785471
-4.26961919763
-4.23860585209
-4.20805716587
-4.17796248675
-4.14831116504
-4.11909299368
-4.09029871036
-4.06191917423
-4.03394524444
-4.00636778014
-3.97917779648
-3.95236717329
-3.92592808825
-3.89985271933
-3.87413324449
-3.84876185095
-3.82373117247
-3.79903447828
-3.77466508616
-3.75061631389
-3.72688147924
-3.70345394069
-3.68032760219
-3.65749675735
-3.63495570821
-3.61269875679
-3.59072020514
-3.56901439807
-3.54757616678
-3.52640065125
-3.50548299639
-3.48481834709
-3.46440184824
-3.44422865892
-3.42429427961
-3.40459456089
-3.38512536927
-3.36588257127
-3.34686203341
-3.32805962222
-3.30947133118
-3.2910935627
-3.27292280138
-3.25495553185
-3.23718823872
-3.21961740661
-3.2022395262
-3.1850513101
-3.16804975172
-3.15123186246
-3.13459465372
-3.11813513691
-3.10185032343
-3.08573723373
-3.0697931018
-3.05401537857
-3.03840152462
-3.02294900057
-3.007655267
-2.99251778453
-2.97753401574
-2.9627015597
-2.94801823796
-2.93348189252
-2.91909036537
-2.90484149852
-2.89073313398
-2.87676311373
-2.86292931421
-2.8492298212
-2.83566279925
-2.82222641306
-2.8089188273
-2.79573820667
-2.78268271585
-2.76975051963
-2.75693984677
-2.74424910286
-2.73167672377
-2.71922114536
-2.7068808035
-2.69465413407
-2.68253957291
-2.67053555594
-2.65864056824
-2.64685324384
-2.63517224483
-2.62359623334
-2.61212387146
-2.60075382131
-2.58948474499
-2.57831530461
-2.56724417576
-2.55627014891
-2.54539207269
-2.53460879618
-2.52391916845
-2.51332203859
-2.50281625567
-2.49240066877
-2.48207412698
-2.47183551348
-2.46168381215
-2.45161802545
-2.44163715582
-2.43174020572
-2.42192617758
-2.41219407387
-2.40254289702
-2.39297164952
-2.38347936289
-2.37406515076
-2.36472814117
-2.35546746217
-2.3462822418
-2.3371716081
-2.32813468913
-2.31917061293
-2.31027850753
-2.3014575095
-2.29270682026
-2.2840256711
-2.27541329347
-2.26686891885
-2.25839177868
-2.24998110441
-2.24163612751
-2.23335607943
-2.22514019164
-2.2169877153
-2.2088979586
-2.20087023999
-2.19290387796
-2.18499819097
-2.17715249747
-2.16936611595
-2.16163836487
-2.15396856269
-2.14635602789
-2.13880009386
-2.13130014426
-2.12385557329
-2.11646577517
-2.1091301441
-2.10184807428
-2.09461895993
-2.08744219525
-2.08031717446
-2.07324329174
-2.06621994412
-2.05924656663
-2.05232262174
-2.04544757255
-2.03862088215
-2.03184201363
-2.02511043007
-2.01842559458
-2.01178697024
-2.00519402015
-1.99864620738
-1.99214300046
-1.9856839087
-1.97926846008
-1.97289618265
-1.96656660446
-1.96027925357
-1.95403365804
-1.94782934593
-1.94166584528
-1.93554268416
-1.92945939062
-1.92341549445
-1.91741055747
-1.9114441695
-1.90551592134
-1.89962540378
-1.89377220761
-1.88795592362
-1.88217614261
-1.87643245537
-1.87072445269
-1.86505172536
-1.85941386418
-1.8538104668
-1.84824117052
-1.84270562682
-1.83720348719
-1.83173440314
-1.82629802615
-1.82089400773
-1.81552199937
-1.81018165257
-1.80487261882
-1.79959454962
-1.79434709646
-1.78912991512
-1.78394269706
-1.77878515145
-1.77365698759
-1.7685579148
-1.76348764239
-1.75844587965
-1.7534323359
-1.74844672045
-1.74348874259
-1.73855811164
-1.73365453691
-1.72877772776
-1.72392740813
-1.71910333585
-1.71430527356
-1.70953298389
-1.70478622947
-1.70006477294
-1.69536837692
-1.69069680405
-1.68604981697
-1.6814271783
-1.67682865067
-1.67225399673
-1.66770297912
-1.66317537172
-1.65867097908
-1.65418961095
-1.64973107705
-1.64529518713
-1.64088175094
-1.6364905782
-1.63212147865
-1.62777426204
-1.62344873811
-1.61914471658
-1.61486200721
-1.61060041973
-1.60635976513
-1.60213987507
-1.5979405982
-1.59376178366
-1.58960328062
-1.58546493821
-1.58134660558
-1.57724813188
-1.57316936627
-1.56911015788
-1.56507035588
-1.5610498094
-1.5570483676
-1.55306587963
-1.54910219529
-1.54515717937
-1.5412307114
-1.53732267153
-1.53343293992
-1.52956139671
-1.52570792208
-1.52187239617
-1.51805469914
-1.51425471114
-1.51047231233
-1.50670738286
-1.50295980289
-1.49922945258
-1.49551621207
-1.49181996429
-1.48814060712
-1.48447804346
-1.48083217623
-1.47720290836
-1.47359014276
-1.46999378236
-1.46641373007
-1.46284988882
-1.45930216151
-1.45577045108
-1.45225466044
-1.44875469252
-1.44527045022
-1.44180183647
-1.43834875523
-1.43491111987
-1.43148884879
-1.42808186042
-1.42469007322
-1.42131340561
-1.41795177604
-1.41460510296
-1.41127330479
-1.4079563
-1.404654007
-1.40136634426
-1.3980932302
-1.39483458327
-1.39159032191
-1.38836036456
-1.38514463133
-1.38194304897
-1.37875554596
-1.37558205073
-1.37242249175
-1.36927679747
-1.36614489633
-1.3630267168
-1.35992218733
-1.35683123637
-1.35375379237
-1.35068978378
-1.34763913907
-1.34460178668
-1.34157765506
-1.33856667268
-1.33556876828
-1.33258387423
-1.32961192526
-1.32665285617
-1.32370660173
-1.32077309672
-1.31785227593
-1.31494407414
-1.31204842614
-1.30916526669
-1.3062945306
-1.30343615263
-1.30059006758
-1.29775621021
-1.29493451533
-1.2921249177
-1.28932735211
-1.2865417536
-1.28376805985
-1.2810062101
-1.27825614362
-1.27551779969
-1.27279111757
-1.27007603653
-1.26737249584
-1.26468043477
-1.26199979258
-1.25933050856
-1.25667252196
-1.25402577206
-1.25139019812
-1.24876573942
-1.24615233523
-1.2435499248
-1.24095844742
-1.2383778432
-1.23580805484
-1.23324902554
-1.23070069849
-1.2281630169
-1.22563592395
-1.22311936285
-1.22061327679
-1.21811760896
-1.21563230257
-1.21315730081
-1.21069254687
-1.20823798396
-1.20579355527
-1.20335920399
-1.20093487332
-1.19852050646
-1.19611604661
-1.19372143733
-1.19133662484
-1.18896155651
-1.1865961797
-1.18424044179
-1.18189429014
-1.17955767212
-1.1772305351
-1.17491282645
-1.17260449354
-1.17030548373
-1.16801574441
-1.16573522293
-1.16346386666
-1.16120162298
-1.15894843925
-1.15670426284
-1.15446904113
-1.15224272147
-1.1500252517
-1.14781658267
-1.14561666642
-1.14342545502
-1.14124290052
-1.13906895499
-1.13690357047
-1.13474669904
-1.13259829275
-1.13045830365
-1.12832668381
-1.12620338529
-1.12408836014
-1.12198156042
-1.11988293819
-1.11779244551
-1.11571003444
-1.11363565704
-1.11156926536
-1.10951081147
-1.10746024869
-1.10541753368
-1.10338262363
-1.10135547575
-1.09933604724
-1.09732429529
-1.09532017709
-1.09332364986
-1.09133467078
-1.08935319706
-1.0873791859
-1.08541259449
-1.08345338003
-1.08150149972
-1.07955691076
-1.07761957034
-1.07568943568
-1.07376646395
-1.07185061237
-1.06994183813
-1.06804009872
-1.06614535475
-1.06425756865
-1.06237670292
-1.06050272001
-1.05863558243
-1.05677525263
-1.05492169309
-1.0530748663
-1.05123473473
-1.04940126085
-1.04757440715
-1.0457541361
-1.04394041018
-1.04213319186
-1.04033244362
-1.03853812794
-1.0367502073
-1.03496864416
-1.03319340102
-1.03142444034
-1.02966172469
-1.02790521901
-1.02615489082
-1.02441070775
-1.02267263746
-1.02094064757
-1.01921470574
-1.01749477961
-1.01578083682
-1.01407284501
-1.01237077182
-1.0106745849
-1.00898425189
-1.00729974043
-1.00562101816
-1.00394805273
-1.00228081178
-1.00061926295
-0.998963373881
-0.99731311222
-0.995668445608
-0.994029341688
-0.992395768166
-0.990767694841
-0.98914509399
-0.987527938031
-0.985916199383
-0.984309850466
-0.982708863698
-0.981113211499
-0.979522866287
-0.977937800483
-0.976357986504
-0.97478339677
-0.973214003701
-0.971649779715
-0.970090697231
-0.968536728668
-0.966987846447
-0.965444022985
-0.963905230701
-0.962371442016
-0.960842629348
-0.959318765115
-0.957799821738
-0.956285771761
-0.954776589928
-0.953272252853
-0.951772737211
-0.950278019674
-0.948788076918
-0.947302885616
-0.945822422443
-0.944346664071
-0.942875587177
-0.941409168433
-0.939947384513
-0.938490212092
-0.937037627843
-0.935589608441
-0.934146130559
-0.932707170873
-0.931272706054
-0.929842712779
-0.92841716772
-0.926996047553
-0.92557932895
-0.924166988586
-0.922759003134
-0.921355349604
-0.919956007338
-0.918560956673
-0.917170177954
-0.915783651521
-0.914401357718
-0.913023276886
-0.911649389368
-0.910279675507
-0.908914115645
-0.907552690123
-0.906195379285
-0.904842163473
-0.903493023029
-0.902147938296
-0.900806889615
-0.89946985733
-0.898136821782
-0.896807763315
-0.895482662269
-0.894161498988
-0.892844253814
-0.89153090709
-0.890221439157
-0.888915830361
-0.887614061863
-0.886316116816
-0.885021978667
-0.883731630868
-0.882445056867
-0.881162240113
-0.879883164056
-0.878607812145
-0.877336167829
-0.876068214557
-0.874803935779
-0.873543314944
-0.872286335501
-0.8710329809
-0.869783234589
-0.868537080019
-0.867294500637
-0.866055479895
-0.86482000124
-0.863588048122
-0.86235960399
-0.861134652294
-0.859913176483
-0.858695160006
-0.857480586312
-0.856269438936
-0.855061702775
-0.853857363831
-0.852656408137
-0.851458821725
-0.850264590628
-0.849073700879
-0.847886138511
-0.846701889557
-0.845520940049
-0.84434327602
-0.843168883503
-0.841997748531
-0.840829857136
-0.839665195351
-0.83850374921
-0.837345504745
-0.836190447988
-0.835038564973
-0.833889841732
-0.832744264298
-0.831601818704
-0.830462490983
-0.829326267167
-0.82819313329
-0.827063075384
-0.825936079481
-0.824812131994
-0.823691220762
-0.822573333964
-0.821458459776
-0.820346586376
-0.819237701942
-0.81813179465
-0.817028852678
-0.815928864204
-0.814831817405
-0.813737700459
-0.812646501542
-0.811558208832
-0.810472810507
-0.809390294744
-0.80831064972
-0.807233863614
-0.806159924601
-0.80508882086
-0.804020540568
-0.802955071903
-0.801892403041
-0.800832522161
-0.799775417439
-0.798721077054
-0.797669489182
-0.796620642
-0.795574523714
-0.794531123314
-0.793490430701
-0.792452435827
-0.791417128643
-0.7903844991
-0.789354537148
-0.788327232739
-0.787302575824
-0.786280556354
-0.785261164279
-0.784244389552
-0.783230222123
-0.782218651944
-0.781209668964
-0.780203263136
-0.779199424411
-0.778198142738
-0.777199408071
-0.776203210359
-0.775209539553
-0.774218385606
-0.773229738467
-0.772243588088
-0.77125992442
-0.770278737414
-0.769300017021
-0.768323753192
-0.767349935878
-0.766378555167
-0.765409602084
-0.764443068053
-0.763478944495
-0.762517222834
-0.761557894494
-0.760600950897
-0.759646383467
-0.758694183626
-0.757744342799
-0.756796852408
-0.755851703877
-0.754908888628
-0.753968398086
-0.753030223672
-0.752094356811
-0.751160788925
-0.750229511438
-0.749300515773
